Run semi-empirical minimization
 &qmmm
    qm_theory='AM1', grms_tol=0.0005,
 scfconv=1.d-10, ndiis_attempts=700,   qmcharge=0,
 /
   6   C19      -11.0750      -27.0590       -9.7440 
   6   C21      -16.2260      -29.4870      -13.0090 
   6   C18      -11.9400      -27.5750       -8.7930 
   6   C17      -12.2780      -26.8060       -7.6690 
   6   C16      -11.7400      -25.5260       -7.5200 
   6   C14      -10.5520      -25.7960       -9.5380 
   6   C12      -12.2400      -22.2330      -11.9730 
   6   C26      -14.3670      -27.7920       -7.1410 
   8    O3       -8.4720      -26.0660      -11.1340 
  16    S1       -9.4810      -25.0770      -10.7960 
   7    N2      -10.6510      -24.2780      -11.9780 
   6   C11      -10.8190      -22.8220      -12.0270 
   8    O1      -13.1840      -22.6340      -11.2590 
   8    O2      -12.4720      -21.2560      -12.6950 
   6    C2      -11.5610      -25.0500      -12.9180 
   7    N1      -12.8510      -25.2270      -12.6230 
   6    C1      -13.7120      -25.9350      -13.3760 
   6    C5      -13.2520      -26.5120      -14.5470 
   7    N3      -14.0740      -27.4090      -15.3630 
   6   C10      -14.5390      -27.0500      -16.6810 
   6   C13      -15.8680      -26.4050      -16.9050 
   9    F1      -16.8610      -26.5630      -15.9980 
   9    F2      -15.5690      -25.1060      -17.0970 
   9    F3      -16.2630      -26.9850      -18.0290 
  16    S2      -14.1330      -29.1480      -14.7380 
   8    O5      -12.8420      -29.7500      -14.4670 
   6   C20      -14.8540      -29.3910      -13.0920 
   6   C22      -16.8080      -29.6600      -11.7610 
   6   C23      -16.0050      -29.7640      -10.6400 
   8    O7      -16.6470      -29.9410       -9.4030 
   6   C27      -17.2180      -28.7590       -8.8730 
   6   C24      -14.6240      -29.6420      -10.7440 
   6   C25      -14.0230      -29.4690      -11.9860 
   8    O6      -14.8320      -29.8670      -15.7920 
   6    C4      -11.8830      -26.3650      -14.9020 
   6    C3      -11.0440      -25.6010      -14.1000 
   6    C9       -9.7040      -25.4410      -14.4190 
   6    C8       -9.2280      -26.0370      -15.5750 
   6    C7      -10.0530      -26.7750      -16.3880 
   6    C6      -11.3780      -26.9440      -16.0600 
   6   C15      -10.8690      -25.0210       -8.4610 
   8    O8      -13.1370      -27.3060       -6.6710 
   8    O4       -8.5610      -24.0890      -10.2560 

